4224, -1116,  1542,  1240,  1677, 
-1635,  2420,  1820,  1246,  -333,
2315,  -215,  2726,  1140,  2565,
2871,  1614,  2418,  2513,  1422,
-119,  1215, -1525,  -712,  1441,
-3622,  -731, -1729,  1615,  2724,
1217,  -224,  1580,  1147,  2324,
1425,  1816,  1262, -2718,  1192,
-1435,   235,  2764, -1615,  1310,
1765,  1954,  -967,  1515,  1556,
1342,  7321,  1556,  2727,  1227,
-1927,  1382,  1465,  3955,  1435,
-225, -2419, -2534, -1345,  2467,
1615,  1959,  1335,  2856,  2553,
-1035,  1833,  1464,  1915, -1810,
1465,  1554,  -267,  1615,  1656,
2192,  -825,  1925,  2312,  1725,
-2517,  1498,  -677,  1475,  2034,
1223,  1883, -1173,  1350,  2415,
-335,  1125,  1118,  1713,  3025
